11, 12, 20, 15, 60, 10, 18, 14, 5, 2, 1

Einfügen 11 
11 
Einfügen 12 
11 | 12 
Einfügen 20 
11 12 20 => 12
        11|20
Einfügen 15 
      (12)->((11),(15|20))
Einfügen 60
      (12)->((11),(15|60|20))
      (12|20)->((11),(15),(60))
Einfügen 10 
      (12|20)->((10|11),(15),(60))
Einfügen 18
      (12|20)->((10|11),(15|18),(60))
Einfügen 14
      (12|20)->((10|11),(14|15|18),(60))
       (12|15|20)->((10|11),(14|18),(60))
       (15) -> ((12) -> ((10|11),(14))    , (20) -> ((18),(60)) )
Einfügen 5
       (15) -> ((12) -> ((5|10|11),(14))    , (20) -> ((18),(60)) )
       (15) -> ((10|12) -> ((5),(11),(14))    , (20) -> ((18),(60)) )
Einfügen 2
       (15) -> ((10|12) -> ((2|5),(11),(14))    , (20) -> ((18),(60)) )
Einfügen 1
       (15) -> ((10|12) -> ((1|2|5),(11),(14))    , (20) -> ((18),(60)) )
       (15) -> ((2|10|12) -> ((1),(5),(11),(14))    , (20) -> ((18),(60)) )
       (10|15) -> ((2),(12)) -> ((1),(5),(11),(14))    , (20) -> ((18),(60)) )
           (10|15) -> ((2) -> ((1),(5))    , (12) -> ((11,(14))), (20) -> ((18),(60)) )









